Alabama 9 49.92 47.72 5143030 2567400 2454253
Alaska 3 50.17 47.03 733536 368015 344981
Arizona 11 32.67 62.36 7497000 2449269 4675129
Arkansas 6 46.21 53.51 3089060 1427454 1652956
California 54 35.88 63.26 38889800 13953660 24601687
Colorado 10 31.89 67.34 5914180 1886032 3982608
Connecticut 7 41.08 57.51 3625650 1489417 2085111
Delaware 3 49.56 48.79 1044320 517564 509523
District of Columbia 3 33.36 65.37 686995 229181 449088
Florida 30 43.7 51.89 22975900 10040468 11922194
Georgia 16 50.82 44.4 11145300 5664041 4948513
Hawaii 4 55.99 40.36 1430880 801149 577503
Idaho 4 45.11 53.48 1990460 897896 1064498
Illinois 19 58.52 39.2 12516900 7324889 4906624
Indiana 11 36.92 60.97 6892120 2544570 4202125
Iowa 6 45.01 52.89 3214320 1446765 1700053
Kansas 6 38.52 56.61 2944380 1134175 1666813
Kentucky 8 39.28 58.44 4540740 1783602 2653608
Louisiana 8 43.66 51.59 4559480 1990668 2352235
Maine 4 56.83 38.34 1402110 796819 537568
Maryland 10 62.61 34.91 6196520 3879641 2163205
Massachusetts 11 58.05 40.35 7020060 4075144 2832594
Michigan 15 54.17 43.88 10041200 5439318 4406078
Minnesota 10 57.81 40.46 5761530 3330740 2331115
Mississippi 6 52.28 44.55 2940450 1537267 1309970
Missouri 10 30.39 69.29 6215140 1888781 4306470
Montana 4 64.0 35.37 1142750 731360 404190
Nebraska 5 51.9 44.91 1988700 1032135 893125
Nevada 6 56.71 40.48 3210930 1820918 1299784
New Hampshire 4 38.6 57.25 1405100 542368 804419
New Jersey 14 58.6 39.09 9320860 5462023 3643524
New Mexico 5 41.15 55.14 2115270 870433 1166359
New York 28 34.13 61.89 19469200 6644837 12049487
North Carolina 16 58.85 36.51 10975000 6458787 4006972
North Dakota 3 48.67 50.54 788940 383977 398730
Ohio 17 34.36 63.26 11812200 4058671 7472397
Oklahoma 7 62.65 34.95 4088380 2561370 1428888
Oregon 8 32.27 64.62 4227340 1364162 2731707
Pennsylvania 19 45.96 53.49 12951300 5952417 6927650
Rhode Island 4 33.22 65.08 1098080 364782 714630
South Carolina 9 49.48 46.37 5464160 2703666 2533730
South Dakota 3 62.81 34.36 928767 583358 319124
Tennessee 11 53.2 42.51 7204000 3832528 3062420
Texas 40 33.23 63.06 30976800 10293590 19533970
Utah 6 42.39 54.92 3454230 1464248 1897063
Vermont 3 49.02 50.1 647818 317560 324556
Virginia 13 53.08 42.93 8752300 4645720 3757362
Washington 12 55.21 44.04 7841280 4329170 3453299
West Virginia 4 37.02 62.35 1766110 653813 1101169
Wisconsin 10 38.82 58.26 6931370 2690757 4038216
Wyoming 3 56.86 42.81 586485 333475 251074
