Alabama 9 38.7 60.3 4718206 813475 1226546
Alaska 3 37.9 59.4 687455 123594 193841
Arizona 10 45.1 53.6 6280362 1034707 1230111
Arkansas 6 38.9 58.7 2874554 422310 638017
California 55 61.0 37.0 36604337 8274473 5011781
Colorado 9 53.7 44.7 4889730 1288576 1073589
Connecticut 7 60.6 38.2 3545579 997772 629428
Delaware 3 61.9 36.9 883874 255459 152374
District of Columbia 3 92.5 6.5 580236 245800 17367
Florida 27 51.0 48.2 18527305 4282074 4045624
Georgia 15 47.0 52.2 9504843 1844137 2048744
Hawaii 4 71.8 26.6 1332213 325871 120566
Idaho 4 36.1 61.5 1534320 236440 403012
Illinois 21 61.9 36.8 12747038 3419673 2031527
Indiana 11 49.9 48.9 6424806 1374039 1345648
Iowa 7 53.7 44.2 3016734 828940 682379
Kansas 6 41.7 56.6 2808076 514765 699655
Kentucky 8 41.2 57.4 4289878 751985 1048462
Louisiana 9 39.9 58.6 4435586 782989 1148275
Maine 4 57.7 40.4 1330509 421923 295273
Maryland 10 61.9 36.5 5684965 1629467 959862
Massachusetts 12 61.8 36.0 6468967 1904097 1108854
Michigan 17 57.4 41.0 9946889 2872579 2048639
Minnesota 10 54.1 43.8 5247018 1573354 1275409
Mississippi 6 43.0 56.2 2947806 554662 724597
Missouri 11 49.3 49.4 5923916 1441911 1445814
Montana 3 47.3 49.5 976415 231667 242763
Nebraska 5 41.6 56.5 1796378 333319 452979
Nevada 5 55.1 42.7 2653630 533736 412827
New Hampshire 4 54.4 44.7 1315906 384826 316534
New Jersey 15 57.3 41.7 8711090 2215422 1613207
New Mexico 5 56.9 41.8 2010662 472422 346832
New York 31 62.8 36.1 19212436 4769700 2742298
North Carolina 15 49.7 49.4 9309449 2142651 2128474
North Dakota 3 44.6 53.3 657569 141278 168601
Ohio 20 51.5 46.9 11515391 2933388 2674491
Oklahoma 7 34.4 65.6 3668976 502496 960165
Oregon 7 56.7 40.4 3768748 1037291 738475
Pennsylvania 21 54.3 44.0 12612285 3276363 2655885
Rhode Island 4 63.1 35.2 1055003 296571 165391
South Carolina 8 44.9 53.9 4528996 862449 1034896
South Dakota 3 44.7 53.2 799124 170924 203054
Tennessee 11 41.8 56.9 6247411 1087437 1479178
Texas 34 43.7 55.5 24309039 3528633 4479328
Utah 5 34.4 62.6 2663029 327670 596030
Vermont 3 67.5 30.4 624151 219262 98974
Virginia 13 52.6 46.3 7833496 1959532 1725005
Washington 11 57.7 40.5 6562231 1750848 1229216
West Virginia 5 42.6 55.7 1840310 303857 397466
Wisconsin 10 56.2 42.3 5640996 1677211 1262393
Wyoming 3 32.4 64.4 546043 82868 164958
