Alabama 9 36.6 62.0 5024279 849624 1441170
Alaska 3 42.8 52.8 733391 153778 189951
Arizona 11 49.36 49.06 7151502 1672143 1661686
Arkansas 6 34.8 62.4 3011524 423932 760647
California 55 63.5 34.3 39538223 11110250 6006429
Colorado 9 55.4 41.9 5773714 1804352 1364607
Connecticut 7 59.3 39.2 3605944 1080831 714717
Delaware 3 58.8 39.8 989948 296268 200603
District of Columbia 3 92.1 5.4 712816 317323 18586
Florida 29 47.9 51.2 21538187 5297045 5668731
Georgia 16 49.47 49.24 10711908 2473633 2461854
Hawaii 4 63.7 34.3 1455271 366130 196864
Idaho 4 33.1 63.8 1839106 287021 554119
Illinois 20 57.5 40.6 12812508 3471915 2446891
Indiana 11 41.0 57.0 6785528 1242498 1729857
Iowa 6 44.9 53.1 3190369 759061 897672
Kansas 6 41.5 56.1 2937880 570323 771406
Kentucky 8 36.2 62.1 4505836 772474 1326646
Louisiana 8 39.9 58.5 4657757 856034 1255776
Maine 4 53.1 44.0 1362359 435072 360737
Maryland 10 65.4 32.2 6177224 1985023 976414
Massachusetts 11 65.6 32.1 7029917 2382202 1167202
Michigan 16 50.6 47.8 10077331 2804040 2649852
Minnesota 10 52.4 45.3 5706494 1717077 1484065
Mississippi 6 41.0 57.5 2961279 539398 756764
Missouri 10 41.4 56.8 6154913 1253014 1718736
Montana 3 40.5 56.9 1084225 244786 343602
Nebraska 5 39.2 58.2 1961504 374583 556846
Nevada 6 50.1 47.7 3104614 703486 669890
New Hampshire 4 52.7 45.4 1377529 424937 365660
New Jersey 14 57.1 41.3 9288994 2608400 1883313
New Mexico 5 54.3 43.5 2117522 501614 401894
New York 29 60.9 37.7 20201249 5244886 3251997
North Carolina 15 48.6 49.9 10439388 2684292 2758775
North Dakota 3 31.8 65.1 779094 114902 235595
Ohio 18 45.2 53.3 11799448 2679165 3154834
Oklahoma 7 32.3 65.4 3959353 503890 1020280
Oregon 7 56.5 40.4 4237256 1340383 958448
Pennsylvania 20 50.0 48.8 13002700 3458229 3377674
Rhode Island 4 59.4 38.6 1097379 307486 199922
South Carolina 9 43.4 55.1 5118425 1091541 1385103
South Dakota 3 35.6 61.8 886667 150471 261043
Tennessee 11 37.5 60.7 6910840 1143711 1852475
Texas 38 46.5 52.1 29145505 5259126 5890347
Utah 6 37.6 58.1 3271616 560282 865140
Vermont 3 66.1 30.7 643077 242820 112704
Virginia 13 54.1 44.0 8631393 2413568 1962430
Washington 12 58.0 38.8 7705281 2369612 1584651
West Virginia 5 29.7 68.6 1793716 235984 545382
Wisconsin 10 49.45 48.82 5893718 1630866 1610184
Wyoming 3 26.6 69.9 576851 73491 193559