Alabama 9 34 65 5143030 769391 1457704
Alaska 3 41 55 733536 139812 184204
Arizona 11 47 52 7497000 1582860 1770242
Arkansas 6 34 64 3089060 396905 759241
California 54 38 59 38889800 9119445 5933308
Colorado 10 54 43 5914180 1727578 1377040
Connecticut 7 56 42 3625650 994287 739317
Delaware 3 57 42 1044320 289758 214351
District of Columbia 3 92 7 686995 289453 20888
Florida 30 43 56 22975900 4683038 6110125
Georgia 16 49 51 11145300 2548017 2663117
Hawaii 4 61 37 1430880 312384 193169
Idaho 4 30 67 1990460 274973 605144
Illinois 19 55 44 12516900 3056201 2444517
Indiana 11 40 59 6892120 1160146 1715058
Iowa 6 43 56 3214320 707290 927531
Kansas 6 41 57 2944380 532475 741949
Kentucky 8 34 65 4540740 700921 1336230
Louisiana 8 38 60 4559480 766870 1208505
Maine 2 52 45 1402110 430795 374972
Maryland 10 63 35 6196520 1852467 1024615
Massachusetts 11 61 37 7020060 2072571 1234961
Michigan 15 48.3 49.7 10041200 2724029 2804647
Minnesota 10 51 47 5761530 1656968 1519017
Mississippi 6 37 62 2940450 429231 708302
Missouri 10 40 59 6215140 1199856 1750987
Montana 4 38 58 1142750 231761 351945
Nebraska 2 39 60 1988700 369687 564340
Nevada 6 47 51 3210930 705197 751205
New Hampshire 4 51 48 1405100 418496 395578
New Jersey 14 52 46 9320860 2218007 1966547
New Mexico 5 52 46 2115270 478727 423327
New York 28 56 44 19469200 4412448 3482703
North Carolina 16 48 51 10975000 2715380 2898428
North Dakota 3 31 68 788940 112327 246505
Ohio 17 44 55 11812200 2481269 3121077
Oklahoma 7 32 66 4088380 499599 1036213
Oregon 8 56 41 4227340 1226991 909576
Pennsylvania 19 48.7 50.4 12951300 3421114 3542669
Rhode Island 4 56 42 1098080 282110 213021
South Carolina 9 40 58 5464160 1028452 1483747
South Dakota 3 34 63 928767 146859 272081
Tennessee 11 34 64 7204000 1055170 1964593
Texas 40 42 56 30976800 4806474 6375376
Utah 6 38 59 3454230 562560 883799
Vermont 3 64 33 647818 235791 119395
Virginia 13 52 47 8752300 2235958 2011637
Washington 12 58 39 7841280 2237258 1522268
West Virginia 4 28 70 1766110 214309 533556
Wisconsin 10 48.8 49.7 6931370 1667881 1697298
Wyoming 3 26 72 586485 69527 192633