Alabama 9 38.4 60.7 4815558 793620 1252453
Alaska 3 41.3 55.3 730443 102138 136848
Arizona 11 44.1 54.2 6554978 930669 1143051
Arkansas 6 36.9 60.5 2952164 389699 638467
California 55 59.3 38.3 37948800 6493924 4202127
Colorado 9 51.2 46.5 5192647 1238490 1125391
Connecticut 7 58.4 40.4 3594547 912531 631432
Delaware 3 58.6 40.0 915179 242547 165476
District of Columbia 3 91.4 7.1 634924 222332 17337
Florida 29 50.0 49.1 19297822 4235270 4162081
Georgia 16 45.4 53.4 9901430 1761761 2070221
Hawaii 4 70.0 27.8 1394804 303090 119494
Idaho 4 32.6 64.5 1595324 212560 420750
Illinois 20 57.3 41.1 12882510 2916811 2090116
Indiana 11 43.8 54.3 6537703 1140425 1412620
Iowa 6 52.1 46.5 3076190 816429 727928
Kansas 6 37.8 60.0 2885257 427918 678719
Kentucky 8 37.8 60.5 4386346 679340 1087127
Louisiana 8 40.6 57.8 4600972 808496 1152460
Maine 4 56.0 40.9 1327729 397754 290437
Maryland 10 61.7 36.6 5886992 1527686 904970
Massachusetts 11 60.8 37.6 6663005 1900575 1177370
Michigan 16 54.3 44.8 9897145 2561911 2112673
Minnesota 10 52.8 45.1 5376643 1547668 1321575
Mississippi 6 43.5 55.5 2983816 528260 674302
Missouri 10 44.3 53.9 6024367 1215031 1478961
Montana 3 41.8 55.3 1003783 200489 264974
Nebraska 5 37.8 60.5 1853303 289154 462972
Nevada 6 52.3 45.7 2743996 528801 462422
New Hampshire 4 52.2 46.4 1324232 368529 327870
New Jersey 14 58.0 40.9 8844942 1960744 1383233
New Mexico 5 52.9 43.0 2087309 408312 331915
New York 29 62.6 36.0 19572932 3875826 2226637
North Carolina 15 48.4 50.6 9749476 2178388 2275853
North Dakota 3 38.9 58.7 701176 124490 187586
Ohio 18 50.1 48.2 11548923 2697260 2593779
Oklahoma 7 33.2 66.8 3818814 442647 889372
Oregon 7 54.5 42.7 3899001 937321 733743
Pennsylvania 20 52.0 46.8 12767118 2907448 2619583
Rhode Island 4 62.7 35.5 1054621 274342 155355
South Carolina 9 44.0 54.6 4717354 845756 1049507
South Dakota 3 39.9 57.9 833566 144988 210541
Tennessee 11 39.0 59.5 6453898 953043 1453097
Texas 38 41.4 57.2 26084481 3294440 4555799
Utah 6 24.9 72.8 2853375 229463 671747
Vermont 3 67.0 31.2 626090 199259 92700
Virginia 13 50.8 47.8 8185080 1905528 1789618
Washington 12 55.8 41.7 6897058 1620432 1210369
West Virginia 5 35.5 62.3 1856872 234925 412406
Wisconsin 10 52.8 46.1 5719960 1613950 1408746
Wyoming 3 28.0 69.3 576305 68780 170265