Alabama 9 34.4 62.1 4863525 
Alaska 3 36.6 51.3 741456
Arizona 11 44.6 48.1 6941072
Arkansas 6 33.7 60.6 2989918
California 55 61.5 31.5 39167177
Colorado 9 48.2 43.3 5539215
Connecticut 7 54.6 40.9 3578141
Delaware 3 53.1 41.7 948921
Florida 29 47.4 48.6 20613477
Georgia 16 45.3 50.4 10301890
Hawaii 4 62.2 30.0 1427559
Idaho 4 27.5 59.2 1682380
Illinois 20 55.2 38.4 12820527
Indiana 11 37.5 56.5 6634304
Iowa 6 41.7 51.1 3131371
Kansas 6 35.7 56.2 2910844
Kentucky 8 32.7 62.5 4438182
Louisiana 8 38.4 58.1 4678135
Maine 4 47.8 44.9 1331317
Maryland 10 60.3 33.9 6003323
Massachusetts 11 60.3 32.8 6823608
Michigan 16 47.0 47.3 9950571
Minnesota 10 46.4 44.9 5522744
Mississippi 6 40.1 57.9 2987938
Missouri 10 37.9 56.4 6087135
Montana 3 35.4 55.6 1040859
Nebraska 5 33.7 58.7 1905616
Nevada 6 47.9 45.5 2917563
New Hampshire 4 46.8 46.5 1342307
New Jersey 14 55.0 41.0 8870827
New Mexico 5 40.0 48.3 2091630
New York 29 59.0 36.5 19633428
North Carolina 15 46.2 49.8 10154788
North Dakota 3 27.3 63.0 754434
Ohio 18 43.2 51.3 11634370
Oklahoma 7 28.9 65.3 3926331
Oregon 7 50.1 39.1 4089976
Pennsylvania 20 47.5 48.2 12782275
Rhode Island 4 54.4 38.9 1056770
South Carolina 9 40.7 54.9 4957968
South Dakota 3 31.7 61.5 862996
Tennessee 11 34.7 60.7 6646010
Texas 38 43.2 52.2 27914410
Utah 6 27.2 45.1 3041868
Vermont 3 56.7 30.3 623657
Virginia 13 49.8 44.4 8410106
Washington 12 52.5 36.8 7294771
West Virginia 5 26.2 67.9 1831023
Wisconsin 10 46.5 47.2 5772628
Wyoming 3 21.9 68.2 584215